95222047.49261
1850923.54008
217.75765
16.90601
8.53156
8.09169
35.92445
14.29969
8.96463
7.93821
7.47021
7.42133
5.50414
5.48718
7.62740
5.73652
5.29728
4.72317
4.32901
4.14428
4.11998
5.29360
5.16080
4.13178
4.09951
4.14564
4.33340
3.88109
3.75907
4.09223
3.68976
5.87759
3.51299
3.87955
3.46363
3.99155
3.35755
3.29629
3.47864
4.25086
3.31762
3.42138
3.33744
3.15929
4.41322
3.14040
3.49720
4.09467
3.17268
3.55963
3.20000
3.07712
3.13670
3.15742
3.22298
3.29332
3.09178
3.12735
2.96156
8.13644
3.34594
3.37042
3.31058
3.03264
3.23106
3.35459
3.02822
2.95258
3.14576
3.69783
3.00141
3.06537
3.77108
2.93068
3.13345
3.16684
5.23703
3.20273
3.43613
3.13498
4.49250
3.97633
3.28879
3.48135
3.18209
3.24711
3.08653
3.62313
3.24246
3.20184
3.13279
3.18366
3.47477
3.11689
3.21820
3.09440
3.11522
3.21587
3.16619
3.13710
3.10384
3.19161
3.26766
3.05201
3.04365
3.32197
3.09578
3.10012
3.03607
3.55036
3.11017
3.04923
3.16429
3.08403
3.06188
3.47777
3.13630
3.04808
3.34336
3.02219
3.38286
2.97002
3.25136
3.07428
3.41378
2.94297
3.24840
3.12890
2.98068
3.12029
3.24158
2.93346
3.01009
3.10663
2.89934
3.38076
2.96116
3.03641
2.91483
2.93430
2.93277
2.87516
2.99339
2.85785
2.88157
2.86586
2.94509
2.82859
2.92738
3.07238
2.82074
2.95940
2.87247
7.44675
3.14064
2.82787
3.06021
3.04436
2.96809
2.78364
3.60519
2.98929
2.83264
3.06532
2.96305
2.80181
2.84149
2.95899
2.91386
2.80974
3.16006
2.79469
3.19500
2.95961
2.80670
2.99815
3.04188
2.80862
2.81944
2.93840
2.88606
2.85038
2.79973
2.92044
2.85411
2.91139
2.87377
2.96888
2.91092
2.89022
2.82191
2.91507
2.89179
2.86457
2.83142
2.95586
2.86998
2.88632
2.79307
3.05256
